2025-02-03 23:42:24,618 - __main__ - INFO - [[ 2  4  6]
 [ 8 10 12]
 [14 16 18]]
2025-02-03 23:42:24,618 - __main__ - INFO - [[0 0 0]
 [0 0 0]
 [0 0 0]]
2025-02-03 23:42:24,618 - __main__ - INFO - [[1 4 7]
 [2 5 8]
 [3 6 9]]
2025-02-03 23:42:24,618 - __main__ - INFO - -9.51619735392994e-16
2025-02-03 23:42:24,618 - __main__ - INFO - [[-4.50359963e+15  9.00719925e+15 -4.50359963e+15]
 [ 9.00719925e+15 -1.80143985e+16  9.00719925e+15]
 [-4.50359963e+15  9.00719925e+15 -4.50359963e+15]]
2025-02-03 23:42:24,618 - __main__ - INFO - 15
2025-02-03 23:42:24,619 - __main__ - INFO - 2
2025-02-03 23:42:24,619 - __main__ - INFO - [ 1.61168440e+01 -1.11684397e+00 -4.29954797e-16]
2025-02-03 23:42:24,619 - __main__ - INFO - EigResult(eigenvalues=array([ 1.61168440e+01, -1.11684397e+00, -4.29954797e-16]), eigenvectors=array([[-0.23197069, -0.78583024,  0.40824829],
       [-0.52532209, -0.08675134, -0.81649658],
       [-0.8186735 ,  0.61232756,  0.40824829]]))
2025-02-03 23:42:24,619 - __main__ - INFO - EigResult(eigenvalues=array([ 1.61168440e+01, -1.11684397e+00, -4.29954797e-16]), eigenvectors=array([[-0.23197069, -0.78583024,  0.40824829],
       [-0.52532209, -0.08675134, -0.81649658],
       [-0.8186735 ,  0.61232756,  0.40824829]]))
2025-02-03 23:42:24,619 - __main__ - INFO - SVDResult(U=array([[-0.21483724,  0.88723069,  0.40824829],
       [-0.52058739,  0.24964395, -0.81649658],
       [-0.82633754, -0.38794278,  0.40824829]]), S=array([1.68481034e+01, 1.06836951e+00, 3.35890790e-16]), Vh=array([[-0.47967118, -0.57236779, -0.66506441],
       [-0.77669099, -0.07568647,  0.62531805],
       [-0.40824829,  0.81649658, -0.40824829]]))
2025-02-03 23:42:24,619 - __main__ - INFO - SVDResult(U=array([[-0.21483724,  0.88723069,  0.40824829],
       [-0.52058739,  0.24964395, -0.81649658],
       [-0.82633754, -0.38794278,  0.40824829]]), S=array([1.68481034e+01, 1.06836951e+00, 3.35890790e-16]), Vh=array([[-0.47967118, -0.57236779, -0.66506441],
       [-0.77669099, -0.07568647,  0.62531805],
       [-0.40824829,  0.81649658, -0.40824829]]))
